%YAML:1.0
R: !!opencv-matrix
   rows: 3
   cols: 3
   dt: d
   data: [ 9.9918168239090721e-01, 2.1971027922737031e-03,
       -4.0387353389350553e-02, -1.8053000537612798e-03,
       9.9995098377811487e-01, 9.7350363582328382e-03,
       4.0406762629441026e-02, -9.6541587153106644e-03,
       9.9913667270964868e-01 ]
T: !!opencv-matrix
   rows: 3
   cols: 1
   dt: d
   data: [ -6.5154502658001615e-02, -2.3628598382022383e-04,
       2.7704259296585840e-03 ]
R1: !!opencv-matrix
   rows: 3
   cols: 3
   dt: d
   data: [ 9.9654997115875521e-01, 6.2283081926708100e-03,
       -8.2760879408940946e-02, -5.8253265103517171e-03,
       9.9996997726395220e-01, 5.1098083896254009e-03,
       8.2790220162359457e-02, -4.6100702584670333e-03,
       9.9655633393084209e-01 ]
R2: !!opencv-matrix
   rows: 3
   cols: 3
   dt: d
   data: [ 9.9909065388583873e-01, 3.6232510179404999e-03,
       -4.2482200626007285e-02, -3.8298943510368532e-03,
       9.9998122314638715e-01, -4.7838545039999639e-03,
       4.2464069838243697e-02, 4.9422066646931983e-03,
       9.9908577077549066e-01 ]
P1: !!opencv-matrix
   rows: 3
   cols: 4
   dt: d
   data: [ 3.2069091544937599e+01, 0., 3.5799677276611328e+02, 0., 0.,
       3.2069091544937599e+01, 2.4153059005737305e+02, 0., 0., 0., 1.,
       0. ]
P2: !!opencv-matrix
   rows: 3
   cols: 4
   dt: d
   data: [ 3.2069091544937599e+01, 0., 3.5799677276611328e+02,
       -2.0913474689986282e+00, 0., 3.2069091544937599e+01,
       2.4153059005737305e+02, 0., 0., 0., 1., 0. ]
Q: !!opencv-matrix
   rows: 4
   cols: 4
   dt: d
   data: [ 1., 0., 0., -3.5799677276611328e+02, 0., 1., 0.,
       -2.4153059005737305e+02, 0., 0., 0., 3.2069091544937599e+01, 0.,
       0., 1.5334176658980923e+01, 0. ]
