%YAML:1.0
R: !!opencv-matrix
   rows: 3
   cols: 3
   dt: d
   data: [ 9.9958660533370225e-01, 5.7754513302430712e-04,
       2.8745171404339482e-02, -6.8228736782525437e-04,
       9.9999316371263258e-01, 3.6341452843430102e-03,
       -2.8742876011165663e-02, -3.6522554154010626e-03,
       9.9958016592416810e-01 ]
T: !!opencv-matrix
   rows: 3
   cols: 1
   dt: d
   data: [ -6.5226024724545820e-02, 1.0319942144671396e-03,
       -1.0604898239280705e-03 ]
R1: !!opencv-matrix
   rows: 3
   cols: 3
   dt: d
   data: [ 9.9887306439853307e-01, -1.5299607753706160e-02,
       4.4927978161346631e-02, 1.5212478155590480e-02,
       9.9988168268012523e-01, 2.2806027990670713e-03,
       -4.4957554731650917e-02, -1.5945668202256669e-03,
       9.9898762536340080e-01 ]
R2: !!opencv-matrix
   rows: 3
   cols: 3
   dt: d
   data: [ 9.9974276182050514e-01, -1.5817746835120824e-02,
       1.6254509299529356e-02, 1.5849222516056218e-02,
       9.9987275596183778e-01, -1.8094283394787559e-03,
       -1.6223819930737571e-02, 2.0665842202043272e-03,
       9.9986624950366021e-01 ]
P1: !!opencv-matrix
   rows: 3
   cols: 4
   dt: d
   data: [ 3.3700311471946804e+02, 0., 3.0784207153320312e+02, 0., 0.,
       3.3700311471946804e+02, 2.4416016578674316e+02, 0., 0., 0., 1.,
       0. ]
P2: !!opencv-matrix
   rows: 3
   cols: 4
   dt: d
   data: [ 3.3700311471946804e+02, 0., 3.0784207153320312e+02,
       -2.1987029396355389e+01, 0., 3.3700311471946804e+02,
       2.4416016578674316e+02, 0., 0., 0., 1., 0. ]
Q: !!opencv-matrix
   rows: 4
   cols: 4
   dt: d
   data: [ 1., 0., 0., -3.0784207153320312e+02, 0., 1., 0.,
       -2.4416016578674316e+02, 0., 0., 0., 3.3700311471946804e+02, 0.,
       0., 1.5327359992311209e+01, 0. ]
