%YAML:1.0
M1: !!opencv-matrix
   rows: 3
   cols: 3
   dt: d
   data: [ 4.6591690100000000e+02, 0., 3.4358006300000000e+02, 0.,
       4.6227113300000002e+02, 2.3992473600000000e+02, 0., 0., 1. ]
D1: !!opencv-matrix
   rows: 1
   cols: 5
   dt: d
   data: [ -3.5675800000000002e-01, 1.4792100000000000e-01,
       9.1000000000000000e-04, -5.5000000000000003e-04, 0. ]
M2: !!opencv-matrix
   rows: 3
   cols: 3
   dt: d
   data: [ 4.6137897299999997e+02, 0., 3.1164039900000000e+02, 0.,
       4.5832085300000000e+02, 2.4324228099999999e+02, 0., 0., 1. ]
D2: !!opencv-matrix
   rows: 1
   cols: 5
   dt: d
   data: [ -3.4113700000000002e-01, 1.2398199999999999e-01,
       4.3660000000000001e-03, -1.2700000000000000e-04, 0. ]
