%YAML:1.0
M1: !!opencv-matrix
   rows: 3
   cols: 3
   dt: d
   data: [ 4.7184302681507461e+02, 0., 3.2041260837246847e+02, 0.,
       4.7184302681507461e+02, 2.4444746222835155e+02, 0., 0., 1. ]
D1: !!opencv-matrix
   rows: 1
   cols: 5
   dt: d
   data: [ -3.6163898844810421e-01, 1.3893788285691117e-01, 0., 0.,
       -3.2624106551361713e-03 ]
M2: !!opencv-matrix
   rows: 3
   cols: 3
   dt: d
   data: [ 4.7184302681507461e+02, 0., 3.1888194264134609e+02, 0.,
       4.7184302681507461e+02, 2.4667220895127156e+02, 0., 0., 1. ]
D2: !!opencv-matrix
   rows: 1
   cols: 5
   dt: d
   data: [ -3.6213498709782443e-01, 2.2524186170709343e-01, 0., 0.,
       -1.4606438073850692e-01 ]
